RES	SS	Helix	Strand	Coil	Other	Entropy	TRUE-SS
E	C	0.000	0.010	0.990	0.000	NaN	C
N	C	0.340	0.250	0.410	0.000	1.079	E
I	H	0.440	0.290	0.270	0.000	1.074	E
E	H	0.490	0.300	0.210	0.000	1.038	E
V	H	0.400	0.360	0.240	0.000	1.077	E
H	H	0.430	0.340	0.220	0.010	1.063	E
M	H	0.520	0.420	0.060	0.000	0.873	E
L	H	0.520	0.340	0.130	0.010	0.972	E
N	H	0.610	0.180	0.210	0.000	0.938	?
K	C	0.210	0.250	0.530	0.010	1.011	?
G	C	0.400	0.020	0.580	0.000	0.761	?
A	C	0.190	0.080	0.730	0.000	0.747	C
E	C	0.390	0.040	0.570	0.000	0.816	C
G	C	0.260	0.030	0.710	0.000	0.699	?
A	H	0.450	0.290	0.260	0.000	1.069	?
M	E	0.410	0.490	0.100	0.000	0.945	?
V	E	0.330	0.500	0.170	0.000	1.014	E
F	E	0.330	0.350	0.320	0.000	1.098	E
E	C	0.180	0.120	0.700	0.000	0.813	E
P	C	0.380	0.030	0.590	0.000	0.784	C
A	C	0.190	0.240	0.570	0.000	0.978	?
Y	E	0.300	0.400	0.300	0.000	1.089	E
I	H	0.490	0.280	0.230	0.000	1.044	E
K	H	0.520	0.390	0.090	0.000	0.924	E
A	E	0.240	0.450	0.310	0.000	1.065	E
N	C	0.070	0.260	0.670	0.000	0.805	?
P	C	0.250	0.000	0.750	0.000	NaN	C
G	C	0.000	0.000	1.000	0.000	NaN	C
D	C	0.000	0.000	1.000	0.000	NaN	?
T	C	0.000	0.260	0.730	0.010	NaN	E
V	E	0.010	0.720	0.260	0.010	0.633	E
T	H	0.480	0.260	0.260	0.000	1.053	E
F	C	0.240	0.280	0.480	0.000	1.051	E
I	C	0.240	0.240	0.520	0.000	1.025	E
P	C	0.250	0.010	0.740	0.000	0.615	?
V	C	0.010	0.000	0.990	0.000	NaN	C
D	C	0.010	0.010	0.980	0.000	0.112	C
K	C	0.010	0.010	0.980	0.000	0.112	C
G	C	0.010	0.010	0.970	0.010	0.122	C
H	C	0.010	0.320	0.670	0.000	0.679	C
N	C	0.030	0.330	0.640	0.000	0.757	C
V	C	0.000	0.330	0.670	0.000	NaN	?
E	C	0.000	0.000	1.000	0.000	NaN	?
S	C	0.000	0.340	0.660	0.000	NaN	?
I	C	0.000	0.340	0.660	0.000	NaN	C
K	C	0.010	0.340	0.650	0.000	0.693	C
D	C	0.030	0.000	0.970	0.000	NaN	C
M	C	0.030	0.480	0.490	0.000	0.807	C
I	C	0.010	0.020	0.970	0.000	0.154	C
P	C	0.010	0.000	0.990	0.000	NaN	C
E	C	0.010	0.010	0.980	0.000	0.112	C
G	C	0.200	0.000	0.800	0.000	NaN	C
A	C	0.200	0.120	0.680	0.000	0.839	C
E	C	0.370	0.180	0.450	0.000	1.036	C
K	H	0.550	0.200	0.240	0.010	0.993	C
F	H	0.530	0.220	0.250	0.000	1.016	?
K	H	0.580	0.200	0.220	0.000	0.971	?
S	H	0.460	0.240	0.300	0.000	1.061	?
K	H	0.490	0.240	0.270	0.000	1.046	?
I	H	0.430	0.220	0.350	0.000	1.063	C
N	H	0.410	0.250	0.340	0.000	1.079	C
E	C	0.400	0.120	0.480	0.000	0.973	C
N	C	0.370	0.150	0.480	0.000	1.005	?
Y	H	0.480	0.230	0.290	0.000	1.049	E
V	H	0.600	0.250	0.150	0.000	0.938	E
L	H	0.550	0.310	0.130	0.010	0.957	E
T	E	0.370	0.410	0.220	0.000	1.067	E
V	H	0.360	0.300	0.310	0.030	1.092	?
T	C	0.350	0.300	0.350	0.000	1.096	C
Q	C	0.100	0.180	0.710	0.010	0.782	C
P	C	0.250	0.000	0.750	0.000	NaN	C
G	C	0.170	0.080	0.750	0.000	0.719	?
A	C	0.270	0.230	0.490	0.010	1.041	E
Y	H	0.370	0.360	0.270	0.000	1.089	E
L	H	0.520	0.330	0.150	0.000	0.990	E
V	H	0.600	0.280	0.120	0.000	0.917	E
K	E	0.370	0.370	0.260	0.000	1.086	E
C	E	0.330	0.360	0.310	0.000	1.097	?
T	C	0.110	0.160	0.690	0.040	0.792	C
P	C	0.280	0.030	0.650	0.040	0.742	C
H	C	0.220	0.120	0.660	0.000	0.862	C
Y	H	0.480	0.250	0.270	0.000	1.052	?
A	H	0.510	0.290	0.200	0.000	1.024	?
M	H	0.500	0.240	0.260	0.000	1.039	?
G	H	0.380	0.270	0.350	0.000	1.089	C
M	H	0.460	0.280	0.250	0.010	1.060	?
I	E	0.500	0.500	0.000	0.000	NaN	E
A	E	0.490	0.510	0.000	0.000	NaN	E
L	E	0.440	0.540	0.020	0.000	0.772	E
I	E	0.440	0.510	0.050	0.000	0.854	E
A	E	0.410	0.520	0.070	0.000	0.892	E
V	E	0.400	0.410	0.190	0.000	1.048	E
G	C	0.310	0.160	0.530	0.000	0.993	C
D	C	0.120	0.210	0.670	0.000	0.850	C
S	C	0.090	0.050	0.860	0.000	0.496	C
P	C	0.400	0.000	0.600	0.000	NaN	C
A	C	0.270	0.340	0.390	0.000	1.088	?
N	E	0.280	0.490	0.230	0.000	1.044	?
L	H	0.480	0.250	0.270	0.000	1.052	H
D	H	0.690	0.110	0.200	0.000	0.821	H
Q	H	0.460	0.270	0.270	0.000	1.064	H
I	H	0.520	0.260	0.220	0.000	1.023	H
V	H	0.500	0.300	0.190	0.010	1.023	H
S	H	0.470	0.310	0.220	0.000	1.051	H
A	H	0.610	0.210	0.180	0.000	0.938	?
K	H	0.520	0.170	0.310	0.000	1.004	C
K	C	0.050	0.380	0.570	0.000	0.838	C
P	C	0.280	0.140	0.580	0.000	0.948	?
K	C	0.330	0.290	0.380	0.000	1.093	H
I	H	0.550	0.330	0.120	0.000	0.949	H
V	H	0.530	0.300	0.170	0.000	0.999	H
Q	H	0.480	0.180	0.340	0.000	1.028	H
E	H	0.480	0.100	0.420	0.000	0.947	H
R	H	0.460	0.220	0.320	0.000	1.055	H
L	H	0.430	0.200	0.370	0.000	1.053	H
E	H	0.610	0.090	0.300	0.000	0.879	H
K	H	0.660	0.130	0.210	0.000	0.867	H
V	H	0.490	0.320	0.190	0.000	1.030	H
I	E	0.400	0.510	0.090	0.000	0.927	H
A	H	0.450	0.440	0.110	0.000	0.963	C
S	H	0.510	0.280	0.210	0.000	1.028	?
A	H	0.420	0.280	0.300	0.000	1.082	?
K	C	0.020	0.000	0.980	0.000	NaN	?
